1709401882833
1709401887534
1709401896734
1709401897416
1709401898079
1709401914714
1709401922399
1709401926461
1709401930856
1709401931835
1709401932535
1709401933207
1709401933884
1709401935343
1709401945085
1709402009576
1709402010378
1709402011346
1709402160369
1709402160542
1709402160780
1709402316650
1709402318386
1709402324804
1709402364334
1709402367401
1709402449125
1709402453388
1709403563447
1709403563891
1709403578416
1709403649374
1709404143694
1709404147912
1709404149605
1709407273422
1709407285326
1709407293895
1709407295337
1709407559547
1709407559673
1709407581376
1709407594447
1709407596990
1709407597707
1709407600341
1709407835603
1709407836183
1709430333032
1709430339865
1709430346664
1709430381402
1709430398669
1709430411546
1709430420368
1709430421203
1709430443740
1709430450363
1709430520702
1709430522554
1709430523994
1709430524187
1709430524406
1709430524560
1709430525241
1709430531099
1709430532158
1709430642419
1709430769461
1709430785570
1709430787382
1709430817933
1709430860149
1709430887013
1709430891084
1709430899413
1709430909839
1709430933344
1709430941847
1709430955688
1709430965272
1709430984045
1709430985273
1709430992734
1709431000724
